18 1
120 1
35 1
6 1
109 1
1 1
170 1
177 1
142 1
265 1
186 1
235 1
44 1
309 1
40 1
193 1
104 1
284 1
315 1
21 2
125 2
39 2
31 2
153 2
65 2
110 2
51 2
150 2
183 2
156 2
141 2
2 2
185 2
354 2
313 2
136 2
30 3
16 3
61 3
128 3
25 3
158 3
259 3
112 3
322 3
187 3
360 3
379 3
194 3
314 3
20 4
123 4
32 4
15 4
180 4
111 4
231 4
227 4
168 4
380 4
188 4
83 5
60 5
5 5
43 5
67 5
24 5
212 5
164 5
221 5
85 5
134 5
117 5
195 5
72 6
145 6
12 6
23 6
108 6
206 6
182 6
336 6
133 6
162 6
381 6
71 7
29 7
36 7
68 7
88 7
101 7
166 7
14 7
269 7
22 7
338 7
382 7
59 8
69 8
81 8
103 8
215 8
181 8
207 8
334 8
317 8
337 8
357 8
383 8
62 9
151 9
10 9
126 9
203 9
217 9
225 9
114 9
282 9
143 10
73 10
4 10
91 10
26 10
94 10
202 10
210 10
272 10
113 10
278 10
89 11
63 11
237 11
178 11
7 11
131 11
222 11
323 11
351 11
48 12
93 12
197 12
190 12
199 12
242 12
9 12
298 12
335 12
90 13
98 13
200 13
198 13
213 13
266 13
260 13
240 14
169 14
253 14
268 14
271 14
301 14
223 15
249 15
204 15
172 15
275 15
277 15
247 16
258 16
330 16
280 16
324 16
356 16
292 17
257 17
305 17
321 17
283 17
293 18
304 18
288 18
343 18
255 19
287 19
303 19
342 19
345 19
332 20
307 20
289 20
311 21
349 21
291 21
340 22
374 23
371 23
372 23
384 23
376 24
385 25
19 26
121 26
75 26
34 26
58 26
80 26
232 26
147 26
245 26
100 26
118 26
348 26
116 26
341 26
176 26
86 26
13 26
236 26
137 26
138 26
285 26
362 26
241 26
124 27
38 27
50 27
70 27
66 27
45 27
96 27
157 27
254 27
115 27
119 27
57 27
328 27
316 27
37 28
122 28
28 28
42 28
191 28
11 28
102 28
139 28
220 28
140 28
234 29
17 29
155 29
152 29
171 29
219 29
132 29
99 29
229 29
361 29
233 30
74 30
27 30
3 30
82 30
226 30
274 30
174 30
230 30
353 30
105 30
355 30
87 31
77 31
41 31
154 31
56 31
8 31
276 31
329 31
358 31
144 32
46 32
47 32
78 32
92 32
189 32
211 32
262 32
327 32
84 33
79 33
97 33
192 33
130 33
209 33
264 33
127 34
64 34
161 34
33 34
214 34
239 34
165 34
55 34
297 34
263 34
49 35
76 35
95 35
159 35
160 35
54 35
208 35
243 35
296 35
238 36
129 36
148 36
167 36
184 36
270 36
320 36
201 37
149 37
196 37
106 37
216 37
218 37
205 37
173 37
179 38
228 38
52 38
107 38
244 38
273 38
279 38
339 38
251 39
163 39
53 39
224 39
267 39
352 39
252 40
175 40
281 40
256 40
350 40
359 40
250 41
146 41
261 41
135 41
286 41
364 41
246 42
295 42
319 42
302 42
290 42
248 43
306 43
318 43
344 43
363 43
294 44
308 44
325 44
347 44
346 44
299 45
331 45
300 46
310 46
326 46
312 46
333 47
377 47
378 47
366 48
367 48
368 48
369 48
365 48
370 49
375 49
373 49
