1 4  
2 2
3 5
4 2
5 1
6 1
7 6
8 3  
9 3  
10 1  
11 4  
12 4  
13 2  
14 4  
 15 2  
 16 4  
 17 3  
 18 2  
 19 3  
 20 3  
 21 6  
 22 4  
 23 5  
 24 1  
 25 2  
 26 5  
 27 2  
 28 1  
 29 1  
 30 1  
 31 7  
 32 3  
 33 1  
 34 5  
 35 1  
 36 6  
 37 7  
 38 2  
 39 1  
 40 1  
 41 6  
 42 3  
 43 3  
 44 1  
 45 2  
 46 5  
 47 4  
 48 4  
 49 2  
 50 3  
 51 5  
 52 1  
 53 3  
 54 3  
 55 3  
 56 3  
 57 3  
 58 4  
 59 4  
 60 2  
 61 3  
 62 2  
 63 4  
 64 1  
 65 3  
 66 3  
 67 3  
 68 3  
 69 2  
 70 5  
 71 1  
 72 2  
 73 3  
 74 2  
 75 1  
 76 1  
 77 3  
 78 5  
 79 3  
 80 3  
 81 5  
 82 1  
 83 2  
 84 3  
 85 2  
 86 1  
 87 1  
 88 2  
 89 3  
 90 2  
 91 3  
 92 2  
 93 1  
 94 4  
 95 6
